0,467
0,466
0,465
0,464
0,463
0,462
0,461
0,460
0,459
0,458
0,457
0,456
0,455
0,454
0,453
0,452
0,451
0,450
0,449
0,448
0,447
0,446
0,445
0,444
0,443
0,442
0,441
0,440
0,439
0,438
0,437
0,436
0,435
57,3
57,2
0,434
57,1
57,0
0,433
0,432
0,431
0,430
0,429
56,3
56,2
0,428
56,1
56,0
0,427
55,3
55,2
55,1
55,0
53,36
0,278
54,3
54,2
0,9
54,1
54,0
53,35
0,426
0,386
3,2
10,75
10,29
10,159
10,173
10,23
10,197
10,291
11,28
11,4
9,5
8,6
8,15
8,7
8,2
8,3
51,4
51,3
51,2
51,1
51,0
50,3
50,2
50,1
50,0
33,4
33,3
33,2
33,1
33,0
32,3
32,2
32,1
32,0
